#pikachu's: (5 / (exp(-(level_nr - 7) * 0.5) + 1)) + (level_nr * 0.05)^(1 / 3) + 0.55
#strong pikachu's: (((5 / (exp(-(level_nr - 13) * 0.5) + 1)) + (level_nr * 0.05)^(1 / 3)) + 0.55) / 3 + 0.8
fill_ratio: 0.1 + 0.4 * exp(-(level_nr-1) * 0.03)
bonus_spawn_ratio: 0.01 + 0.29 * exp(-(level_nr-1) * 0.01)
lvl, fill_ratio, bonus, #pikachu, #strong pikachu
1	0.500000	0.300000	1	1
2	0.488178	0.297114	1	1
3	0.476706	0.294258	2	1
4	0.465572	0.291429	2	1
5	0.454768	0.288629	2	1
6	0.444283	0.285857	2	1
7	0.434108	0.283112	3	1
8	0.424234	0.280394	3	1
9	0.414651	0.277704	3	1
10	0.405352	0.275040	3	1
11	0.396327	0.272403	4	1
12	0.387569	0.269792	4	1
13	0.379071	0.267207	4	2
14	0.370823	0.264648	4	2
15	0.362819	0.262114	5	2
16	0.355051	0.259605	5	2
17	0.347513	0.257122	5	2
18	0.340198	0.254663	5	2
19	0.333099	0.252228	5	2
20	0.326210	0.249818	5	2
21	0.319525	0.247432	6	2
22	0.313037	0.245069	6	2
23	0.306741	0.242730	6	2
24	0.300630	0.240415	6	2
25	0.294701	0.238122	6	3
26	0.288947	0.235852	6	3
27	0.283362	0.233605	6	3
28	0.277943	0.231380	6	3
29	0.272684	0.229177	6	3
30	0.267581	0.226996	6	3
31	0.262628	0.224837	6	3
32	0.257821	0.222700	6	3
33	0.253157	0.220583	6	3
34	0.248631	0.218488	6	3
35	0.244238	0.216413	6	3
36	0.239975	0.214360	6	3
37	0.235838	0.212326	6	3
38	0.231824	0.210313	6	3
39	0.227928	0.208320	6	3
40	0.224147	0.206346	6	3
41	0.220478	0.204393	6	3
42	0.216917	0.202459	6	3
43	0.213462	0.200544	6	3
44	0.210108	0.198648	6	3
45	0.206854	0.196771	6	3
46	0.203696	0.194912	6	3
47	0.200631	0.193072	6	3
48	0.197657	0.191251	6	3
49	0.194771	0.189447	6	3
50	0.191970	0.187662	6	3
51	0.189252	0.185894	6	3
52	0.186614	0.184144	6	3
53	0.184054	0.182411	6	3
54	0.181570	0.180695	6	3
55	0.179159	0.178997	6	3
56	0.176820	0.177315	6	3
57	0.174550	0.175651	6	3
58	0.172346	0.174002	6	3
59	0.170208	0.172371	6	3
60	0.168133	0.170755	6	3
61	0.166120	0.169155	7	3
62	0.164165	0.167572	7	3
63	0.162269	0.166004	7	3
64	0.160429	0.164452	7	3
65	0.158643	0.162915	7	3
66	0.156910	0.161393	7	3
67	0.155228	0.159887	7	3
68	0.153595	0.158395	7	3
69	0.152011	0.156919	7	3
70	0.150474	0.155457	7	3
71	0.148983	0.154010	7	3
72	0.147535	0.152577	7	3
73	0.146130	0.151158	7	3
74	0.144767	0.149754	7	3
75	0.143444	0.148363	7	3
76	0.142160	0.146986	7	3
77	0.140914	0.145623	7	3
78	0.139705	0.144274	7	3
79	0.138531	0.142938	7	3
80	0.137392	0.141615	7	3
81	0.136287	0.140305	7	3
82	0.135215	0.139009	7	3
83	0.134174	0.137725	7	3
84	0.133164	0.136454	7	3
85	0.132184	0.135196	7	3
86	0.131233	0.133950	7	3
87	0.130310	0.132717	7	3
88	0.129414	0.131496	7	3
89	0.128545	0.130287	7	3
90	0.127701	0.129090	7	3
91	0.126882	0.127905	7	3
92	0.126088	0.126732	7	3
93	0.125317	0.125571	7	3
94	0.124568	0.124421	7	3
95	0.123842	0.123282	7	3
96	0.123138	0.122155	7	3
97	0.122454	0.121039	7	3
98	0.121790	0.119934	7	3
99	0.121146	0.118840	7	3